0000   00 04 00 01 00 06 08 00 27 8b a7 ee 00 00 08 06
0010   00 01 08 00 06 04 00 01 08 00 27 8b a7 ee 0a 00
0020   02 0f 00 00 00 00 00 00 0a 00 02 02

0000   00 00 00 01 00 06 52 54 00 12 35 02 00 00 08 06
0010   00 01 08 00 06 04 00 02 52 54 00 12 35 02 0a 00
0020   02 02 08 00 27 8b a7 ee 0a 00 02 0f 00 00 00 00
0030   00 00 00 00 00 00 00 00 00 00 00 00 00 00



0000   00 00 03 04 00 06 00 00 00 00 00 00 00 00 08 00
0010   45 00 00 56 91 17 40 00 40 11 ab 49 7f 00 00 01
0020   7f 00 00 35 87 03 00 35 00 42 fe 89 f2 a3 01 00
0030   00 01 00 00 00 00 00 01 12 63 6f 6e 6e 65 63 74
0040   69 76 69 74 79 2d 63 68 65 63 6b 06 75 62 75 6e
0050   74 75 03 63 6f 6d 00 00 01 00 01 00 00 29 04 b0
0060   00 00 00 00 00 00



0000   00 00 03 04 00 06 00 00 00 00 00 00 00 00 08 00
0010   45 00 00 56 91 18 40 00 40 11 ab 48 7f 00 00 01
0020   7f 00 00 35 87 03 00 35 00 42 fe 89 8e aa 01 00
0030   00 01 00 00 00 00 00 01 12 63 6f 6e 6e 65 63 74
0040   69 76 69 74 79 2d 63 68 65 63 6b 06 75 62 75 6e
0050   74 75 03 63 6f 6d 00 00 1c 00 01 00 00 29 04 b0
0060   00 00 00 00 00 00

