0000   ff ff ff ff ff ff 8c 89 a5 39 c4 69 08 00 45 00
0010   01 48 7f 0b 00 00 80 11 a8 ee 0a 00 07 ac ff ff
0020   ff ff 00 44 00 43 01 34 e1 35 01 01 06 00 86 61
0030   1a e4 00 00 00 00 0a 00 07 ac 00 00 00 00 00 00
0040   00 00 00 00 00 00 8c 89 a5 39 c4 69 00 00 00 00
0050   00 00 00 00 00 00 00 00 00 00 00 00 00 00 00 00
0060   00 00 00 00 00 00 00 00 00 00 00 00 00 00 00 00
0070   00 00 00 00 00 00 00 00 00 00 00 00 00 00 00 00
0080   00 00 00 00 00 00 00 00 00 00 00 00 00 00 00 00
0090   00 00 00 00 00 00 00 00 00 00 00 00 00 00 00 00
00a0   00 00 00 00 00 00 00 00 00 00 00 00 00 00 00 00
00b0   00 00 00 00 00 00 00 00 00 00 00 00 00 00 00 00
00c0   00 00 00 00 00 00 00 00 00 00 00 00 00 00 00 00
00d0   00 00 00 00 00 00 00 00 00 00 00 00 00 00 00 00
00e0   00 00 00 00 00 00 00 00 00 00 00 00 00 00 00 00
00f0   00 00 00 00 00 00 00 00 00 00 00 00 00 00 00 00
0100   00 00 00 00 00 00 00 00 00 00 00 00 00 00 00 00
0110   00 00 00 00 00 00 63 82 53 63 35 01 08 3d 07 01
0120   8c 89 a5 39 c4 69 0c 0a 4d 4f 4e 49 54 4f 52 49
0130   4e 47 3c 08 4d 53 46 54 20 35 2e 30 37 0d 01 0f
0140   03 06 2c 2e 2f 1f 21 79 f9 2b fc ff 00 00 00 00
0150   00 00 00 00 00 00


0000   ff ff ff ff ff ff 8c 89 a5 39 c4 69 08 00 45 00
0010   01 48 01 27 00 00 80 11 26 d3 0a 00 07 ac ff ff
0020   ff ff 00 44 00 43 01 34 ef 08 01 01 06 00 6c d8
0030   26 9a 00 00 00 00 0a 00 07 ac 00 00 00 00 00 00
0040   00 00 00 00 00 00 8c 89 a5 39 c4 69 00 00 00 00
0050   00 00 00 00 00 00 00 00 00 00 00 00 00 00 00 00
0060   00 00 00 00 00 00 00 00 00 00 00 00 00 00 00 00
0070   00 00 00 00 00 00 00 00 00 00 00 00 00 00 00 00
0080   00 00 00 00 00 00 00 00 00 00 00 00 00 00 00 00
0090   00 00 00 00 00 00 00 00 00 00 00 00 00 00 00 00
00a0   00 00 00 00 00 00 00 00 00 00 00 00 00 00 00 00
00b0   00 00 00 00 00 00 00 00 00 00 00 00 00 00 00 00
00c0   00 00 00 00 00 00 00 00 00 00 00 00 00 00 00 00
00d0   00 00 00 00 00 00 00 00 00 00 00 00 00 00 00 00
00e0   00 00 00 00 00 00 00 00 00 00 00 00 00 00 00 00
00f0   00 00 00 00 00 00 00 00 00 00 00 00 00 00 00 00
0100   00 00 00 00 00 00 00 00 00 00 00 00 00 00 00 00
0110   00 00 00 00 00 00 63 82 53 63 35 01 08 3d 07 01
0120   8c 89 a5 39 c4 69 0c 0a 4d 4f 4e 49 54 4f 52 49
0130   4e 47 3c 08 4d 53 46 54 20 35 2e 30 37 0d 01 0f
0140   03 06 2c 2e 2f 1f 21 79 f9 2b fc ff 00 00 00 00
0150   00 00 00 00 00 00


0000   ff ff ff ff ff ff 00 1d 70 96 2f 5a 08 00 45 00
0010   01 44 00 2a 00 00 ff 11 ba 7f 00 00 00 00 ff ff
0020   ff ff 00 44 00 43 01 30 aa ee 01 01 06 00 00 00
0030   23 54 00 00 80 00 00 00 00 00 00 00 00 00 00 00
0040   00 00 00 00 00 00 00 1d 70 96 2f 5a 00 00 00 00
0050   00 00 00 00 00 00 00 00 00 00 00 00 00 00 00 00
0060   00 00 00 00 00 00 00 00 00 00 00 00 00 00 00 00
0070   00 00 00 00 00 00 00 00 00 00 00 00 00 00 00 00
0080   00 00 00 00 00 00 00 00 00 00 00 00 00 00 00 00
0090   00 00 00 00 00 00 00 00 00 00 00 00 00 00 00 00
00a0   00 00 00 00 00 00 00 00 00 00 00 00 00 00 00 00
00b0   00 00 00 00 00 00 00 00 00 00 00 00 00 00 00 00
00c0   00 00 00 00 00 00 00 00 00 00 00 00 00 00 00 00
00d0   00 00 00 00 00 00 00 00 00 00 00 00 00 00 00 00
00e0   00 00 00 00 00 00 00 00 00 00 00 00 00 00 00 00
00f0   00 00 00 00 00 00 00 00 00 00 00 00 00 00 00 00
0100   00 00 00 00 00 00 00 00 00 00 00 00 00 00 00 00
0110   00 00 00 00 00 00 63 82 53 63 35 01 01 39 02 04
0120   80 3d 07 01 00 1d 70 96 2f 5a 0c 0a 42 54 4c 44
0130   2d 41 50 2d 30 34 37 09 01 06 0f 2c 03 07 21 96
0140   2b 3c 0e 43 69 73 63 6f 20 41 50 20 63 31 32 34
0150   30 ff




0000   ff ff ff ff ff ff 90 e2 ba 37 cb c8 08 00 45 10
0010   01 49 00 00 00 00 80 11 27 98 0a 00 07 fd ff ff
0020   ff ff 00 43 00 44 01 35 77 4f 02 01 06 00 00 00
0030   23 54 00 00 80 00 00 00 00 00 0a 00 07 21 00 00
0040   00 00 00 00 00 00 00 1d 70 96 2f 5a 00 00 00 00
0050   00 00 00 00 00 00 00 00 00 00 00 00 00 00 00 00
0060   00 00 00 00 00 00 00 00 00 00 00 00 00 00 00 00
0070   00 00 00 00 00 00 00 00 00 00 00 00 00 00 00 00
0080   00 00 00 00 00 00 00 00 00 00 00 00 00 00 00 00
0090   00 00 00 00 00 00 00 00 00 00 00 00 00 00 00 00
00a0   00 00 00 00 00 00 00 00 00 00 00 00 00 00 00 00
00b0   00 00 00 00 00 00 00 00 00 00 00 00 00 00 00 00
00c0   00 00 00 00 00 00 00 00 00 00 00 00 00 00 00 00
00d0   00 00 00 00 00 00 00 00 00 00 00 00 00 00 00 00
00e0   00 00 00 00 00 00 00 00 00 00 00 00 00 00 00 00
00f0   00 00 00 00 00 00 00 00 00 00 00 00 00 00 00 00
0100   00 00 00 00 00 00 00 00 00 00 00 00 00 00 00 00
0110   00 00 00 00 00 00 63 82 53 63 35 01 02 36 04 0a
0120   00 07 fd 33 04 00 00 1c 20 01 04 ff ff ff 00 06
0130   04 0a 00 07 14 0f 19 68 61 72 64 79 66 69 73 68
0140   65 72 73 65 72 76 69 63 65 73 2e 6c 6f 63 61 6c
0150   03 04 0a 00 07 fd ff

0000   ff ff ff ff ff ff 00 1d 70 96 2f 5a 08 00 45 00
0010   01 56 00 2b 00 00 ff 11 ba 6c 00 00 00 00 ff ff
0020   ff ff 00 44 00 43 01 42 ce 7f 01 01 06 00 00 00
0030   23 54 00 00 80 00 00 00 00 00 00 00 00 00 00 00
0040   00 00 00 00 00 00 00 1d 70 96 2f 5a 00 00 00 00
0050   00 00 00 00 00 00 00 00 00 00 00 00 00 00 00 00
0060   00 00 00 00 00 00 00 00 00 00 00 00 00 00 00 00
0070   00 00 00 00 00 00 00 00 00 00 00 00 00 00 00 00
0080   00 00 00 00 00 00 00 00 00 00 00 00 00 00 00 00
0090   00 00 00 00 00 00 00 00 00 00 00 00 00 00 00 00
00a0   00 00 00 00 00 00 00 00 00 00 00 00 00 00 00 00
00b0   00 00 00 00 00 00 00 00 00 00 00 00 00 00 00 00
00c0   00 00 00 00 00 00 00 00 00 00 00 00 00 00 00 00
00d0   00 00 00 00 00 00 00 00 00 00 00 00 00 00 00 00
00e0   00 00 00 00 00 00 00 00 00 00 00 00 00 00 00 00
00f0   00 00 00 00 00 00 00 00 00 00 00 00 00 00 00 00
0100   00 00 00 00 00 00 00 00 00 00 00 00 00 00 00 00
0110   00 00 00 00 00 00 63 82 53 63 35 01 03 39 02 04
0120   80 3d 07 01 00 1d 70 96 2f 5a 36 04 0a 00 07 fd
0130   32 04 0a 00 07 21 33 04 00 00 1c 20 0c 0a 42 54
0140   4c 44 2d 41 50 2d 30 34 37 09 01 06 0f 2c 03 07
0150   21 96 2b 3c 0e 43 69 73 63 6f 20 41 50 20 63 31
0160   32 34 30 ff



0000   ff ff ff ff ff ff 90 e2 ba 37 cb c8 08 00 45 10
0010   01 49 00 00 00 00 80 11 27 98 0a 00 07 fd ff ff
0020   ff ff 00 43 00 44 01 35 74 4f 02 01 06 00 00 00
0030   23 54 00 00 80 00 00 00 00 00 0a 00 07 21 00 00
0040   00 00 00 00 00 00 00 1d 70 96 2f 5a 00 00 00 00
0050   00 00 00 00 00 00 00 00 00 00 00 00 00 00 00 00
0060   00 00 00 00 00 00 00 00 00 00 00 00 00 00 00 00
0070   00 00 00 00 00 00 00 00 00 00 00 00 00 00 00 00
0080   00 00 00 00 00 00 00 00 00 00 00 00 00 00 00 00
0090   00 00 00 00 00 00 00 00 00 00 00 00 00 00 00 00
00a0   00 00 00 00 00 00 00 00 00 00 00 00 00 00 00 00
00b0   00 00 00 00 00 00 00 00 00 00 00 00 00 00 00 00
00c0   00 00 00 00 00 00 00 00 00 00 00 00 00 00 00 00
00d0   00 00 00 00 00 00 00 00 00 00 00 00 00 00 00 00
00e0   00 00 00 00 00 00 00 00 00 00 00 00 00 00 00 00
00f0   00 00 00 00 00 00 00 00 00 00 00 00 00 00 00 00
0100   00 00 00 00 00 00 00 00 00 00 00 00 00 00 00 00
0110   00 00 00 00 00 00 63 82 53 63 35 01 05 36 04 0a
0120   00 07 fd 33 04 00 00 1c 20 01 04 ff ff ff 00 06
0130   04 0a 00 07 14 0f 19 68 61 72 64 79 66 69 73 68
0140   65 72 73 65 72 76 69 63 65 73 2e 6c 6f 63 61 6c
0150   03 04 0a 00 07 fd ff


0000   ff ff ff ff ff ff 90 e2 ba 37 cb c8 08 00 45 10
0010   01 49 00 00 00 00 80 11 27 98 0a 00 07 fd ff ff
0020   ff ff 00 43 00 44 01 35 92 12 02 01 06 00 00 00
0030   08 91 00 00 80 00 00 00 00 00 0a 00 07 21 00 00
0040   00 00 00 00 00 00 00 1d 70 96 2f 5a 00 00 00 00
0050   00 00 00 00 00 00 00 00 00 00 00 00 00 00 00 00
0060   00 00 00 00 00 00 00 00 00 00 00 00 00 00 00 00
0070   00 00 00 00 00 00 00 00 00 00 00 00 00 00 00 00
0080   00 00 00 00 00 00 00 00 00 00 00 00 00 00 00 00
0090   00 00 00 00 00 00 00 00 00 00 00 00 00 00 00 00
00a0   00 00 00 00 00 00 00 00 00 00 00 00 00 00 00 00
00b0   00 00 00 00 00 00 00 00 00 00 00 00 00 00 00 00
00c0   00 00 00 00 00 00 00 00 00 00 00 00 00 00 00 00
00d0   00 00 00 00 00 00 00 00 00 00 00 00 00 00 00 00
00e0   00 00 00 00 00 00 00 00 00 00 00 00 00 00 00 00
00f0   00 00 00 00 00 00 00 00 00 00 00 00 00 00 00 00
0100   00 00 00 00 00 00 00 00 00 00 00 00 00 00 00 00
0110   00 00 00 00 00 00 63 82 53 63 35 01 02 36 04 0a
0120   00 07 fd 33 04 00 00 1c 20 01 04 ff ff ff 00 06
0130   04 0a 00 07 14 0f 19 68 61 72 64 79 66 69 73 68
0140   65 72 73 65 72 76 69 63 65 73 2e 6c 6f 63 61 6c
0150   03 04 0a 00 07 fd ff



